19 0.106931 0.190083 0.055446 0.070248
18 0.106931 0.685950 0.055446 0.070248
11 0.106931 0.809917 0.055446 0.070248
19 0.213861 0.314050 0.055446 0.070248
14 0.213861 0.438017 0.055446 0.070248
1 0.213861 0.685950 0.027723 0.070248
24 0.320792 0.314050 0.055446 0.070248
4 0.320792 0.685950 0.027723 0.070248
12 0.427723 0.314050 0.055446 0.070248
12 0.534653 0.314050 0.055446 0.070248
20 0.534653 0.561983 0.055446 0.070248
6 0.641584 0.190083 0.027723 0.070248
23 0.641584 0.561983 0.055446 0.070248
18 0.641584 0.685950 0.055446 0.070248
10 0.748515 0.314050 0.055446 0.070248
2 0.855446 0.438017 0.027723 0.070248
12 0.855446 0.685950 0.055446 0.070248